Model 3 stats:
Model threshold : 0.44
positives_rate :0.7444444444444445
negatives_rate :0.7814569536423841
false_positives_rate :0.2185430463576159
false_negatives_rate :0.25555555555555554
